485.14 -658.593 23 0.974113 
485.14 -658.593 23 0.974113 
256.381 -425.821 17 0.98809 
256.381 -425.821 17 0.98809 
256.258 -544.763 17 0.991934 
256.258 -544.763 17 0.991934 
49.095 -605.901 8 0.993216 
49.095 -605.901 8 0.993216 
225.17 -608.236 16 0.994339 
225.17 -608.236 16 0.994339 
289.167 -660.559 18 0.99509 
289.167 -660.559 18 0.99509 
441.178 -586.085 22 0.995761 
441.178 -586.085 22 0.995761 
4.015 -459.379 3 0.996253 
4.015 -459.379 3 0.996253 
169.089 -668.683 14 0.996595 
169.089 -668.683 14 0.996595 
4.01227 -365.693 3 0.996936 
4.01227 -365.693 3 0.996936 
324.102 -597.323 19 0.997177 
324.102 -597.323 19 0.997177 
49.0363 -564.772 8 0.997407 
49.0363 -564.772 8 0.997407 
6.00887e-06 -595.257 1 0.997549 
6.00887e-06 -595.257 1 0.997549 
256.075 -468.199 17 0.997652 
256.075 -468.199 17 0.997652 
49.0311 -451.949 8 0.99778 
49.0311 -451.949 8 0.99778 
49.0296 -569.143 8 0.997889 
49.0296 -569.143 8 0.997889 
4.00795 -475.923 3 0.998013 
4.00795 -475.923 3 0.998013 
441.08 -616.19 22 0.998091 
441.08 -616.19 22 0.998091 
121.039 -674.309 12 0.998207 
121.039 -674.309 12 0.998207 
484.075 -567.492 23 0.998303 
484.075 -567.492 23 0.998303 
144.038 -715.087 13 0.998406 
144.038 -715.087 13 0.998406 
441.064 -459.716 22 0.998471 
441.064 -459.716 22 0.998471 
225.044 -406.963 16 0.998548 
225.044 -406.963 16 0.998548 
529.064 -608.954 24 0.998607 
529.064 -608.954 24 0.998607 
100.027 -447.621 11 0.998663 
100.027 -447.621 11 0.998663 
400.051 -412.924 21 0.998718 
400.051 -412.924 21 0.998718 
36.0149 -628.038 7 0.998761 
36.0149 -628.038 7 0.998761 
64.0193 -712.188 9 0.998794 
64.0193 -712.188 9 0.998794 
4.00466 -507.78 3 0.998836 
4.00466 -507.78 3 0.998836 
441.047 -503.568 22 0.998877 
441.047 -503.568 22 0.998877 
4.00439 -467.099 3 0.998903 
4.00439 -467.099 3 0.998903 
1.15928e-06 -697.793 1 0.998923 
1.15928e-06 -697.793 1 0.998923 
1.09412e-06 -530.987 1 0.998954 
1.09412e-06 -530.987 1 0.998954 
1.00203 -678.107 2 0.998986 
1.00203 -678.107 2 0.998986 
225.03 -484.225 16 0.999012 
225.03 -484.225 16 0.999012 
441.04 -627.911 22 0.999039 
441.04 -627.911 22 0.999039 
49.0131 -612.969 8 0.999066 
49.0131 -612.969 8 0.999066 
400.036 -653.72 21 0.999092 
400.036 -653.72 21 0.999092 
121.019 -556.875 12 0.999118 
121.019 -556.875 12 0.999118 
121.019 -569.072 12 0.999144 
121.019 -569.072 12 0.999144 
36.01 -669.763 7 0.99917 
36.01 -669.763 7 0.99917 
25.0081 -645.657 6 0.999192 
25.0081 -645.657 6 0.999192 
289.027 -645.16 18 0.999207 
289.027 -645.16 18 0.999207 
484.034 -562.137 23 0.999226 
484.034 -562.137 23 0.999226 
324.027 -715.233 19 0.999243 
324.027 -715.233 19 0.999243 
121.016 -468.792 12 0.999259 
121.016 -468.792 12 0.999259 
81.0131 -514.672 10 0.999271 
81.0131 -514.672 10 0.999271 
144.017 -626.133 13 0.99929 
144.017 -626.133 13 0.99929 
